
-300 -300 6.95273e-310 
-300 -280 6.95273e-310 
-300 -260 6.95273e-310 
-300 -240 6.95273e-310 
-300 -220 6.95273e-310 
-300 -200 6.95273e-310 
-300 -180 6.95273e-310 
-300 -160 6.95273e-310 
-300 -140 6.95273e-310 
-300 -120 6.95273e-310 
-300 -100 6.95273e-310 
-300 -80 6.95273e-310 
-300 -60 6.95273e-310 
-300 -40 6.95273e-310 
-300 -20 6.95273e-310 
-300 0 6.95273e-310 
-300 20 6.95273e-310 
-300 40 6.95273e-310 
-300 60 6.95273e-310 
-300 80 6.95273e-310 
-300 100 6.95273e-310 
-300 120 6.95273e-310 
-300 140 6.95273e-310 
-300 160 6.95273e-310 
-300 180 6.95273e-310 
-300 200 6.95273e-310 
-300 220 6.95273e-310 
-300 240 6.95273e-310 
-300 260 6.95273e-310 
-300 280 6.95273e-310 

-280 -300 6.95273e-310 
-280 -280 6.95273e-310 
-280 -260 6.95273e-310 
-280 -240 6.95273e-310 
-280 -220 6.95273e-310 
-280 -200 6.95273e-310 
-280 -180 6.95273e-310 
-280 -160 6.95273e-310 
-280 -140 6.95273e-310 
-280 -120 6.95273e-310 
-280 -100 6.95273e-310 
-280 -80 6.95273e-310 
-280 -60 6.95273e-310 
-280 -40 6.95273e-310 
-280 -20 6.95273e-310 
-280 0 6.95273e-310 
-280 20 6.95273e-310 
-280 40 6.95273e-310 
-280 60 6.95273e-310 
-280 80 6.95273e-310 
-280 100 6.95273e-310 
-280 120 6.95273e-310 
-280 140 6.95273e-310 
-280 160 6.95273e-310 
-280 180 6.95273e-310 
-280 200 6.95273e-310 
-280 220 6.95273e-310 
-280 240 6.95273e-310 
-280 260 6.95273e-310 
-280 280 6.95273e-310 

-260 -300 6.95273e-310 
-260 -280 6.95273e-310 
-260 -260 6.95273e-310 
-260 -240 6.95273e-310 
-260 -220 6.95273e-310 
-260 -200 6.95273e-310 
-260 -180 6.95273e-310 
-260 -160 6.95273e-310 
-260 -140 6.95273e-310 
-260 -120 6.95273e-310 
-260 -100 6.95273e-310 
-260 -80 6.95273e-310 
-260 -60 6.95273e-310 
-260 -40 6.95273e-310 
-260 -20 6.95273e-310 
-260 0 6.95273e-310 
-260 20 6.95273e-310 
-260 40 6.95273e-310 
-260 60 6.95273e-310 
-260 80 6.95273e-310 
-260 100 6.95273e-310 
-260 120 6.95273e-310 
-260 140 6.95273e-310 
-260 160 6.95273e-310 
-260 180 6.95273e-310 
-260 200 6.95273e-310 
-260 220 6.95273e-310 
-260 240 6.95273e-310 
-260 260 6.95273e-310 
-260 280 6.95273e-310 

-240 -300 6.95273e-310 
-240 -280 6.95273e-310 
-240 -260 6.95273e-310 
-240 -240 6.95273e-310 
-240 -220 6.95273e-310 
-240 -200 6.95273e-310 
-240 -180 6.95273e-310 
-240 -160 6.95273e-310 
-240 -140 6.95273e-310 
-240 -120 6.95273e-310 
-240 -100 6.95273e-310 
-240 -80 6.95273e-310 
-240 -60 6.95273e-310 
-240 -40 6.95273e-310 
-240 -20 6.95273e-310 
-240 0 6.95273e-310 
-240 20 6.95273e-310 
-240 40 6.95273e-310 
-240 60 6.95273e-310 
-240 80 6.95273e-310 
-240 100 6.95273e-310 
-240 120 6.95273e-310 
-240 140 6.95273e-310 
-240 160 6.95273e-310 
-240 180 6.95273e-310 
-240 200 6.95273e-310 
-240 220 6.95273e-310 
-240 240 6.95273e-310 
-240 260 6.95273e-310 
-240 280 6.95273e-310 

-220 -300 6.95273e-310 
-220 -280 6.95273e-310 
-220 -260 6.95273e-310 
-220 -240 6.95273e-310 
-220 -220 6.95273e-310 
-220 -200 6.95273e-310 
-220 -180 6.95273e-310 
-220 -160 6.95273e-310 
-220 -140 6.95273e-310 
-220 -120 6.95273e-310 
-220 -100 6.95273e-310 
-220 -80 6.95273e-310 
-220 -60 6.95273e-310 
-220 -40 6.95273e-310 
-220 -20 6.95273e-310 
-220 0 6.95273e-310 
-220 20 6.95273e-310 
-220 40 6.95273e-310 
-220 60 6.95273e-310 
-220 80 6.95273e-310 
-220 100 6.95273e-310 
-220 120 6.95273e-310 
-220 140 6.95273e-310 
-220 160 6.95273e-310 
-220 180 6.95273e-310 
-220 200 6.95273e-310 
-220 220 6.95273e-310 
-220 240 6.95273e-310 
-220 260 6.95273e-310 
-220 280 6.95273e-310 

-200 -300 6.95273e-310 
-200 -280 6.95273e-310 
-200 -260 6.95273e-310 
-200 -240 6.95273e-310 
-200 -220 6.95273e-310 
-200 -200 6.95273e-310 
-200 -180 6.95273e-310 
-200 -160 6.95273e-310 
-200 -140 6.95273e-310 
-200 -120 6.95273e-310 
-200 -100 6.95273e-310 
-200 -80 6.95273e-310 
-200 -60 6.95273e-310 
-200 -40 6.95273e-310 
-200 -20 6.95273e-310 
-200 0 6.95273e-310 
-200 20 6.95273e-310 
-200 40 6.95273e-310 
-200 60 6.95273e-310 
-200 80 6.95273e-310 
-200 100 6.95273e-310 
-200 120 6.95273e-310 
-200 140 6.95273e-310 
-200 160 6.95273e-310 
-200 180 6.95273e-310 
-200 200 6.95273e-310 
-200 220 6.95273e-310 
-200 240 6.95273e-310 
-200 260 6.95273e-310 
-200 280 6.95273e-310 

-180 -300 6.95273e-310 
-180 -280 6.95273e-310 
-180 -260 6.95273e-310 
-180 -240 6.95273e-310 
-180 -220 6.95273e-310 
-180 -200 6.95273e-310 
-180 -180 6.95273e-310 
-180 -160 6.95273e-310 
-180 -140 6.95273e-310 
-180 -120 6.95273e-310 
-180 -100 6.95273e-310 
-180 -80 6.95273e-310 
-180 -60 6.95273e-310 
-180 -40 6.95273e-310 
-180 -20 6.95273e-310 
-180 0 6.95273e-310 
-180 20 6.95273e-310 
-180 40 6.95273e-310 
-180 60 6.95273e-310 
-180 80 6.95273e-310 
-180 100 6.95273e-310 
-180 120 6.95273e-310 
-180 140 6.95273e-310 
-180 160 6.95273e-310 
-180 180 6.95273e-310 
-180 200 6.95273e-310 
-180 220 6.95273e-310 
-180 240 6.95273e-310 
-180 260 6.95273e-310 
-180 280 6.95273e-310 

-160 -300 6.95273e-310 
-160 -280 6.95273e-310 
-160 -260 6.95273e-310 
-160 -240 6.95273e-310 
-160 -220 6.95273e-310 
-160 -200 6.95273e-310 
-160 -180 6.95273e-310 
-160 -160 6.95273e-310 
-160 -140 6.95273e-310 
-160 -120 6.95273e-310 
-160 -100 6.95273e-310 
-160 -80 6.95273e-310 
-160 -60 6.95273e-310 
-160 -40 6.95273e-310 
-160 -20 6.95273e-310 
-160 0 6.95273e-310 
-160 20 6.95273e-310 
-160 40 6.95273e-310 
-160 60 6.95273e-310 
-160 80 6.95273e-310 
-160 100 6.95273e-310 
-160 120 6.95273e-310 
-160 140 6.95273e-310 
-160 160 6.95273e-310 
-160 180 6.95273e-310 
-160 200 6.95273e-310 
-160 220 6.95273e-310 
-160 240 6.95273e-310 
-160 260 6.95273e-310 
-160 280 6.95273e-310 

-140 -300 6.95273e-310 
-140 -280 6.95273e-310 
-140 -260 6.95273e-310 
-140 -240 6.95273e-310 
-140 -220 6.95273e-310 
-140 -200 6.95273e-310 
-140 -180 6.95273e-310 
-140 -160 6.95273e-310 
-140 -140 6.95273e-310 
-140 -120 6.95273e-310 
-140 -100 6.95273e-310 
-140 -80 6.95273e-310 
-140 -60 6.95273e-310 
-140 -40 6.95273e-310 
-140 -20 6.95273e-310 
-140 0 6.95273e-310 
-140 20 6.95273e-310 
-140 40 6.95273e-310 
-140 60 6.95273e-310 
-140 80 6.95273e-310 
-140 100 6.95273e-310 
-140 120 6.95273e-310 
-140 140 6.95273e-310 
-140 160 6.95273e-310 
-140 180 6.95273e-310 
-140 200 6.95273e-310 
-140 220 6.95273e-310 
-140 240 6.95273e-310 
-140 260 6.95273e-310 
-140 280 6.95273e-310 

-120 -300 6.95273e-310 
-120 -280 6.95273e-310 
-120 -260 6.95273e-310 
-120 -240 6.95273e-310 
-120 -220 6.95273e-310 
-120 -200 6.95273e-310 
-120 -180 6.95273e-310 
-120 -160 6.95273e-310 
-120 -140 6.95273e-310 
-120 -120 6.95273e-310 
-120 -100 6.95273e-310 
-120 -80 6.95273e-310 
-120 -60 6.95273e-310 
-120 -40 6.95273e-310 
-120 -20 6.95273e-310 
-120 0 6.95273e-310 
-120 20 6.95273e-310 
-120 40 6.95273e-310 
-120 60 6.95273e-310 
-120 80 6.95273e-310 
-120 100 6.95273e-310 
-120 120 6.95273e-310 
-120 140 6.95273e-310 
-120 160 6.95273e-310 
-120 180 6.95273e-310 
-120 200 6.95273e-310 
-120 220 6.95273e-310 
-120 240 6.95273e-310 
-120 260 6.95273e-310 
-120 280 6.95273e-310 

-100 -300 6.95273e-310 
-100 -280 6.95273e-310 
-100 -260 6.95273e-310 
-100 -240 6.95273e-310 
-100 -220 6.95273e-310 
-100 -200 6.95273e-310 
-100 -180 6.95273e-310 
-100 -160 6.95273e-310 
-100 -140 6.95273e-310 
-100 -120 6.95273e-310 
-100 -100 6.95273e-310 
-100 -80 6.95273e-310 
-100 -60 6.95273e-310 
-100 -40 6.95273e-310 
-100 -20 6.95273e-310 
-100 0 6.95273e-310 
-100 20 6.95273e-310 
-100 40 6.95273e-310 
-100 60 6.95273e-310 
-100 80 6.95273e-310 
-100 100 6.95273e-310 
-100 120 6.95273e-310 
-100 140 6.95273e-310 
-100 160 6.95273e-310 
-100 180 6.95273e-310 
-100 200 6.95273e-310 
-100 220 6.95273e-310 
-100 240 6.95273e-310 
-100 260 6.95273e-310 
-100 280 6.95273e-310 

-80 -300 6.95273e-310 
-80 -280 6.95273e-310 
-80 -260 6.95273e-310 
-80 -240 6.95273e-310 
-80 -220 6.95273e-310 
-80 -200 6.95273e-310 
-80 -180 6.95273e-310 
-80 -160 6.95273e-310 
-80 -140 6.95273e-310 
-80 -120 6.95273e-310 
-80 -100 6.95273e-310 
-80 -80 6.95273e-310 
-80 -60 6.95273e-310 
-80 -40 6.95273e-310 
-80 -20 6.95273e-310 
-80 0 6.95273e-310 
-80 20 6.95273e-310 
-80 40 6.95273e-310 
-80 60 6.95273e-310 
-80 80 6.95273e-310 
-80 100 6.95273e-310 
-80 120 6.95273e-310 
-80 140 6.95273e-310 
-80 160 6.95273e-310 
-80 180 6.95273e-310 
-80 200 6.95273e-310 
-80 220 6.95273e-310 
-80 240 6.95273e-310 
-80 260 6.95273e-310 
-80 280 6.95273e-310 

-60 -300 6.95273e-310 
-60 -280 6.95273e-310 
-60 -260 6.95273e-310 
-60 -240 6.95273e-310 
-60 -220 6.95273e-310 
-60 -200 6.95273e-310 
-60 -180 6.95273e-310 
-60 -160 6.95273e-310 
-60 -140 6.95273e-310 
-60 -120 6.95273e-310 
-60 -100 6.95273e-310 
-60 -80 6.95273e-310 
-60 -60 6.95273e-310 
-60 -40 6.95273e-310 
-60 -20 6.95273e-310 
-60 0 6.95273e-310 
-60 20 6.95273e-310 
-60 40 6.95273e-310 
-60 60 6.95273e-310 
-60 80 6.95273e-310 
-60 100 6.95273e-310 
-60 120 6.95273e-310 
-60 140 6.95273e-310 
-60 160 6.95273e-310 
-60 180 6.95273e-310 
-60 200 6.95273e-310 
-60 220 6.95273e-310 
-60 240 6.95273e-310 
-60 260 6.95273e-310 
-60 280 6.95273e-310 

-40 -300 6.95273e-310 
-40 -280 6.95273e-310 
-40 -260 6.95273e-310 
-40 -240 6.95273e-310 
-40 -220 6.95273e-310 
-40 -200 6.95273e-310 
-40 -180 6.95273e-310 
-40 -160 6.95273e-310 
-40 -140 6.95273e-310 
-40 -120 6.95273e-310 
-40 -100 6.95273e-310 
-40 -80 6.95273e-310 
-40 -60 6.95273e-310 
-40 -40 6.95273e-310 
-40 -20 6.95273e-310 
-40 0 6.95273e-310 
-40 20 6.95273e-310 
-40 40 6.95273e-310 
-40 60 6.95273e-310 
-40 80 6.95273e-310 
-40 100 6.95273e-310 
-40 120 6.95273e-310 
-40 140 6.95273e-310 
-40 160 6.95273e-310 
-40 180 6.95273e-310 
-40 200 6.95273e-310 
-40 220 6.95273e-310 
-40 240 6.95273e-310 
-40 260 6.95273e-310 
-40 280 6.95273e-310 

-20 -300 6.95273e-310 
-20 -280 6.95273e-310 
-20 -260 6.95273e-310 
-20 -240 6.95273e-310 
-20 -220 6.95273e-310 
-20 -200 6.95273e-310 
-20 -180 6.95273e-310 
-20 -160 6.95273e-310 
-20 -140 6.95273e-310 
-20 -120 6.95273e-310 
-20 -100 6.95273e-310 
-20 -80 6.95273e-310 
-20 -60 6.95273e-310 
-20 -40 6.95273e-310 
-20 -20 6.95273e-310 
-20 0 6.95273e-310 
-20 20 6.95273e-310 
-20 40 6.95273e-310 
-20 60 6.95273e-310 
-20 80 6.95273e-310 
-20 100 6.95273e-310 
-20 120 6.95273e-310 
-20 140 6.95273e-310 
-20 160 6.95273e-310 
-20 180 6.95273e-310 
-20 200 6.95273e-310 
-20 220 6.95273e-310 
-20 240 6.95273e-310 
-20 260 6.95273e-310 
-20 280 6.95273e-310 

0 -300 6.95273e-310 
0 -280 6.95273e-310 
0 -260 6.95273e-310 
0 -240 6.95273e-310 
0 -220 6.95273e-310 
0 -200 6.95273e-310 
0 -180 6.95273e-310 
0 -160 6.95273e-310 
0 -140 6.95273e-310 
0 -120 6.95273e-310 
0 -100 6.95273e-310 
0 -80 6.95273e-310 
0 -60 6.95273e-310 
0 -40 6.95273e-310 
0 -20 6.95273e-310 
0 0 6.95273e-310 
0 20 6.95273e-310 
0 40 6.95273e-310 
0 60 6.95273e-310 
0 80 6.95273e-310 
0 100 6.95273e-310 
0 120 6.95273e-310 
0 140 6.95273e-310 
0 160 6.95273e-310 
0 180 6.95273e-310 
0 200 6.95273e-310 
0 220 6.95273e-310 
0 240 6.95273e-310 
0 260 6.95273e-310 
0 280 6.95273e-310 

20 -300 6.95273e-310 
20 -280 6.95273e-310 
20 -260 6.95273e-310 
20 -240 6.95273e-310 
20 -220 6.95273e-310 
20 -200 6.95273e-310 
20 -180 6.95273e-310 
20 -160 6.95273e-310 
20 -140 6.95273e-310 
20 -120 6.95273e-310 
20 -100 6.95273e-310 
20 -80 6.95273e-310 
20 -60 6.95273e-310 
20 -40 6.95273e-310 
20 -20 6.95273e-310 
20 0 6.95273e-310 
20 20 6.95273e-310 
20 40 6.95273e-310 
20 60 6.95273e-310 
20 80 6.95273e-310 
20 100 6.95273e-310 
20 120 6.95273e-310 
20 140 6.95273e-310 
20 160 6.95273e-310 
20 180 6.95273e-310 
20 200 6.95273e-310 
20 220 6.95273e-310 
20 240 6.95273e-310 
20 260 6.95273e-310 
20 280 6.95273e-310 

40 -300 6.95273e-310 
40 -280 6.95273e-310 
40 -260 6.95273e-310 
40 -240 6.95273e-310 
40 -220 6.95273e-310 
40 -200 6.95273e-310 
40 -180 6.95273e-310 
40 -160 6.95273e-310 
40 -140 6.95273e-310 
40 -120 6.95273e-310 
40 -100 6.95273e-310 
40 -80 6.95273e-310 
40 -60 6.95273e-310 
40 -40 6.95273e-310 
40 -20 6.95273e-310 
40 0 6.95273e-310 
40 20 6.95273e-310 
40 40 6.95273e-310 
40 60 6.95273e-310 
40 80 6.95273e-310 
40 100 6.95273e-310 
40 120 6.95273e-310 
40 140 6.95273e-310 
40 160 6.95273e-310 
40 180 6.95273e-310 
40 200 6.95273e-310 
40 220 6.95273e-310 
40 240 6.95273e-310 
40 260 6.95273e-310 
40 280 6.95273e-310 

60 -300 6.95273e-310 
60 -280 6.95273e-310 
60 -260 6.95273e-310 
60 -240 6.95273e-310 
60 -220 6.95273e-310 
60 -200 6.95273e-310 
60 -180 6.95273e-310 
60 -160 6.95273e-310 
60 -140 6.95273e-310 
60 -120 6.95273e-310 
60 -100 6.95273e-310 
60 -80 6.95273e-310 
60 -60 6.95273e-310 
60 -40 6.95273e-310 
60 -20 6.95273e-310 
60 0 6.95273e-310 
60 20 6.95273e-310 
60 40 6.95273e-310 
60 60 6.95273e-310 
60 80 6.95273e-310 
60 100 6.95273e-310 
60 120 6.95273e-310 
60 140 6.95273e-310 
60 160 6.95273e-310 
60 180 6.95273e-310 
60 200 6.95273e-310 
60 220 6.95273e-310 
60 240 6.95273e-310 
60 260 6.95273e-310 
60 280 6.95273e-310 

80 -300 6.95273e-310 
80 -280 6.95273e-310 
80 -260 6.95273e-310 
80 -240 6.95273e-310 
80 -220 6.95273e-310 
80 -200 6.95273e-310 
80 -180 6.95273e-310 
80 -160 6.95273e-310 
80 -140 6.95273e-310 
80 -120 6.95273e-310 
80 -100 6.95273e-310 
80 -80 6.95273e-310 
80 -60 6.95273e-310 
80 -40 6.95273e-310 
80 -20 6.95273e-310 
80 0 6.95273e-310 
80 20 6.95273e-310 
80 40 6.95273e-310 
80 60 6.95273e-310 
80 80 6.95273e-310 
80 100 6.95273e-310 
80 120 6.95273e-310 
80 140 6.95273e-310 
80 160 6.95273e-310 
80 180 6.95273e-310 
80 200 6.95273e-310 
80 220 6.95273e-310 
80 240 6.95273e-310 
80 260 6.95273e-310 
80 280 6.95273e-310 

100 -300 6.95273e-310 
100 -280 6.95273e-310 
100 -260 6.95273e-310 
100 -240 6.95273e-310 
100 -220 6.95273e-310 
100 -200 6.95273e-310 
100 -180 6.95273e-310 
100 -160 6.95273e-310 
100 -140 6.95273e-310 
100 -120 6.95273e-310 
100 -100 6.95273e-310 
100 -80 6.95273e-310 
100 -60 6.95273e-310 
100 -40 6.95273e-310 
100 -20 6.95273e-310 
100 0 6.95273e-310 
100 20 6.95273e-310 
100 40 6.95273e-310 
100 60 6.95273e-310 
100 80 6.95273e-310 
100 100 6.95273e-310 
100 120 6.95273e-310 
100 140 6.95273e-310 
100 160 6.95273e-310 
100 180 6.95273e-310 
100 200 6.95273e-310 
100 220 6.95273e-310 
100 240 6.95273e-310 
100 260 6.95273e-310 
100 280 6.95273e-310 

120 -300 6.95273e-310 
120 -280 6.95273e-310 
120 -260 6.95273e-310 
120 -240 6.95273e-310 
120 -220 6.95273e-310 
120 -200 6.95273e-310 
120 -180 6.95273e-310 
120 -160 6.95273e-310 
120 -140 6.95273e-310 
120 -120 6.95273e-310 
120 -100 6.95273e-310 
120 -80 6.95273e-310 
120 -60 6.95273e-310 
120 -40 6.95273e-310 
120 -20 6.95273e-310 
120 0 6.95273e-310 
120 20 6.95273e-310 
120 40 6.95273e-310 
120 60 6.95273e-310 
120 80 6.95273e-310 
120 100 6.95273e-310 
120 120 6.95273e-310 
120 140 6.95273e-310 
120 160 6.95273e-310 
120 180 6.95273e-310 
120 200 6.95273e-310 
120 220 6.95273e-310 
120 240 6.95273e-310 
120 260 6.95273e-310 
120 280 6.95273e-310 

140 -300 6.95273e-310 
140 -280 6.95273e-310 
140 -260 6.95273e-310 
140 -240 6.95273e-310 
140 -220 6.95273e-310 
140 -200 6.95273e-310 
140 -180 6.95273e-310 
140 -160 6.95273e-310 
140 -140 6.95273e-310 
140 -120 6.95273e-310 
140 -100 6.95273e-310 
140 -80 6.95273e-310 
140 -60 6.95273e-310 
140 -40 6.95273e-310 
140 -20 6.95273e-310 
140 0 6.95273e-310 
140 20 6.95273e-310 
140 40 6.95273e-310 
140 60 6.95273e-310 
140 80 6.95273e-310 
140 100 6.95273e-310 
140 120 6.95273e-310 
140 140 6.95273e-310 
140 160 6.95273e-310 
140 180 6.95273e-310 
140 200 6.95273e-310 
140 220 6.95273e-310 
140 240 6.95273e-310 
140 260 6.95273e-310 
140 280 6.95273e-310 

160 -300 6.95273e-310 
160 -280 6.95273e-310 
160 -260 6.95273e-310 
160 -240 6.95273e-310 
160 -220 6.95273e-310 
160 -200 6.95273e-310 
160 -180 6.95273e-310 
160 -160 6.95273e-310 
160 -140 6.95273e-310 
160 -120 6.95273e-310 
160 -100 6.95273e-310 
160 -80 6.95273e-310 
160 -60 6.95273e-310 
160 -40 6.95273e-310 
160 -20 6.95273e-310 
160 0 6.95273e-310 
160 20 6.95273e-310 
160 40 6.95273e-310 
160 60 6.95273e-310 
160 80 6.95273e-310 
160 100 6.95273e-310 
160 120 6.95273e-310 
160 140 6.95273e-310 
160 160 6.95273e-310 
160 180 6.95273e-310 
160 200 6.95273e-310 
160 220 6.95273e-310 
160 240 6.95273e-310 
160 260 6.95273e-310 
160 280 6.95273e-310 

180 -300 6.95273e-310 
180 -280 6.95273e-310 
180 -260 6.95273e-310 
180 -240 6.95273e-310 
180 -220 6.95273e-310 
180 -200 6.95273e-310 
180 -180 6.95273e-310 
180 -160 6.95273e-310 
180 -140 6.95273e-310 
180 -120 6.95273e-310 
180 -100 6.95273e-310 
180 -80 6.95273e-310 
180 -60 6.95273e-310 
180 -40 6.95273e-310 
180 -20 6.95273e-310 
180 0 6.95273e-310 
180 20 6.95273e-310 
180 40 6.95273e-310 
180 60 6.95273e-310 
180 80 6.95273e-310 
180 100 6.95273e-310 
180 120 6.95273e-310 
180 140 6.95273e-310 
180 160 6.95273e-310 
180 180 6.95273e-310 
180 200 6.95273e-310 
180 220 6.95273e-310 
180 240 6.95273e-310 
180 260 6.95273e-310 
180 280 6.95273e-310 

200 -300 6.95273e-310 
200 -280 6.95273e-310 
200 -260 6.95273e-310 
200 -240 6.95273e-310 
200 -220 6.95273e-310 
200 -200 6.95273e-310 
200 -180 6.95273e-310 
200 -160 6.95273e-310 
200 -140 6.95273e-310 
200 -120 6.95273e-310 
200 -100 6.95273e-310 
200 -80 6.95273e-310 
200 -60 6.95273e-310 
200 -40 6.95273e-310 
200 -20 6.95273e-310 
200 0 6.95273e-310 
200 20 6.95273e-310 
200 40 6.95273e-310 
200 60 6.95273e-310 
200 80 6.95273e-310 
200 100 6.95273e-310 
200 120 6.95273e-310 
200 140 6.95273e-310 
200 160 6.95273e-310 
200 180 6.95273e-310 
200 200 6.95273e-310 
200 220 6.95273e-310 
200 240 6.95273e-310 
200 260 6.95273e-310 
200 280 6.95273e-310 

220 -300 6.95273e-310 
220 -280 6.95273e-310 
220 -260 6.95273e-310 
220 -240 6.95273e-310 
220 -220 6.95273e-310 
220 -200 6.95273e-310 
220 -180 6.95273e-310 
220 -160 6.95273e-310 
220 -140 6.95273e-310 
220 -120 6.95273e-310 
220 -100 6.95273e-310 
220 -80 6.95273e-310 
220 -60 6.95273e-310 
220 -40 6.95273e-310 
220 -20 6.95273e-310 
220 0 6.95273e-310 
220 20 6.95273e-310 
220 40 6.95273e-310 
220 60 6.95273e-310 
220 80 6.95273e-310 
220 100 6.95273e-310 
220 120 6.95273e-310 
220 140 6.95273e-310 
220 160 6.95273e-310 
220 180 6.95273e-310 
220 200 6.95273e-310 
220 220 6.95273e-310 
220 240 6.95273e-310 
220 260 6.95273e-310 
220 280 6.95273e-310 

240 -300 6.95273e-310 
240 -280 6.95273e-310 
240 -260 6.95273e-310 
240 -240 6.95273e-310 
240 -220 6.95273e-310 
240 -200 6.95273e-310 
240 -180 6.95273e-310 
240 -160 6.95273e-310 
240 -140 6.95273e-310 
240 -120 6.95273e-310 
240 -100 6.95273e-310 
240 -80 6.95273e-310 
240 -60 6.95273e-310 
240 -40 6.95273e-310 
240 -20 6.95273e-310 
240 0 6.95273e-310 
240 20 6.95273e-310 
240 40 6.95273e-310 
240 60 6.95273e-310 
240 80 6.95273e-310 
240 100 6.95273e-310 
240 120 6.95273e-310 
240 140 6.95273e-310 
240 160 6.95273e-310 
240 180 6.95273e-310 
240 200 6.95273e-310 
240 220 6.95273e-310 
240 240 6.95273e-310 
240 260 6.95273e-310 
240 280 6.95273e-310 

260 -300 6.95273e-310 
260 -280 6.95273e-310 
260 -260 6.95273e-310 
260 -240 6.95273e-310 
260 -220 6.95273e-310 
260 -200 6.95273e-310 
260 -180 6.95273e-310 
260 -160 6.95273e-310 
260 -140 6.95273e-310 
260 -120 6.95273e-310 
260 -100 6.95273e-310 
260 -80 6.95273e-310 
260 -60 6.95273e-310 
260 -40 6.95273e-310 
260 -20 6.95273e-310 
260 0 6.95273e-310 
260 20 6.95273e-310 
260 40 6.95273e-310 
260 60 6.95273e-310 
260 80 6.95273e-310 
260 100 6.95273e-310 
260 120 6.95273e-310 
260 140 6.95273e-310 
260 160 6.95273e-310 
260 180 6.95273e-310 
260 200 6.95273e-310 
260 220 6.95273e-310 
260 240 6.95273e-310 
260 260 6.95273e-310 
260 280 6.95273e-310 

280 -300 6.95273e-310 
280 -280 6.95273e-310 
280 -260 6.95273e-310 
280 -240 6.95273e-310 
280 -220 6.95273e-310 
280 -200 6.95273e-310 
280 -180 6.95273e-310 
280 -160 6.95273e-310 
280 -140 6.95273e-310 
280 -120 6.95273e-310 
280 -100 6.95273e-310 
280 -80 6.95273e-310 
280 -60 6.95273e-310 
280 -40 6.95273e-310 
280 -20 6.95273e-310 
280 0 6.95273e-310 
280 20 6.95273e-310 
280 40 6.95273e-310 
280 60 6.95273e-310 
280 80 6.95273e-310 
280 100 6.95273e-310 
280 120 6.95273e-310 
280 140 6.95273e-310 
280 160 6.95273e-310 
280 180 6.95273e-310 
280 200 6.95273e-310 
280 220 6.95273e-310 
280 240 6.95273e-310 
280 260 6.95273e-310 
280 280 6.95273e-310 
